0 0.000000 0.285714 0.062500 0.285714 0.062500 0.142857 0.000000 0.142857
1 0.062500 0.285714 0.125000 0.285714 0.125000 0.142857 0.062500 0.142857
2 0.125000 0.285714 0.187500 0.285714 0.187500 0.142857 0.125000 0.142857
3 0.187500 0.285714 0.250000 0.285714 0.250000 0.142857 0.187500 0.142857
4 0.250000 0.285714 0.312500 0.285714 0.312500 0.142857 0.250000 0.142857
5 0.312500 0.285714 0.375000 0.285714 0.375000 0.142857 0.312500 0.142857
6 0.375000 0.285714 0.437500 0.285714 0.437500 0.142857 0.375000 0.142857
7 0.437500 0.285714 0.500000 0.285714 0.500000 0.142857 0.437500 0.142857
8 0.500000 0.285714 0.562500 0.285714 0.562500 0.142857 0.500000 0.142857
9 0.562500 0.285714 0.625000 0.285714 0.625000 0.142857 0.562500 0.142857
A 0.062500 0.428571 0.125000 0.428571 0.125000 0.285714 0.062500 0.285714
B 0.125000 0.428571 0.187500 0.428571 0.187500 0.285714 0.125000 0.285714
C 0.187500 0.428571 0.250000 0.428571 0.250000 0.285714 0.187500 0.285714
D 0.250000 0.428571 0.312500 0.428571 0.312500 0.285714 0.250000 0.285714
E 0.312500 0.428571 0.375000 0.428571 0.375000 0.285714 0.312500 0.285714
F 0.375000 0.428571 0.437500 0.428571 0.437500 0.285714 0.375000 0.285714
G 0.437500 0.428571 0.500000 0.428571 0.500000 0.285714 0.437500 0.285714
H 0.500000 0.428571 0.562500 0.428571 0.562500 0.285714 0.500000 0.285714
I 0.562500 0.428571 0.625000 0.428571 0.625000 0.285714 0.562500 0.285714
J 0.625000 0.428571 0.687500 0.428571 0.687500 0.285714 0.625000 0.285714
K 0.687500 0.428571 0.750000 0.428571 0.750000 0.285714 0.687500 0.285714
L 0.750000 0.428571 0.812500 0.428571 0.812500 0.285714 0.750000 0.285714
M 0.812500 0.428571 0.875000 0.428571 0.875000 0.285714 0.812500 0.285714
N 0.875000 0.428571 0.937500 0.428571 0.937500 0.285714 0.875000 0.285714
O 0.937500 0.428571 1.000000 0.428571 1.000000 0.285714 0.937500 0.285714
P 0.000000 0.571429 0.062500 0.571429 0.062500 0.428571 0.000000 0.428571
Q 0.062500 0.571429 0.125000 0.571429 0.125000 0.428571 0.062500 0.428571
R 0.125000 0.571429 0.187500 0.571429 0.187500 0.428571 0.125000 0.428571
S 0.187500 0.571429 0.250000 0.571429 0.250000 0.428571 0.187500 0.428571
T 0.250000 0.571429 0.312500 0.571429 0.312500 0.428571 0.250000 0.428571
U 0.312500 0.571429 0.375000 0.571429 0.375000 0.428571 0.312500 0.428571
V 0.375000 0.571429 0.437500 0.571429 0.437500 0.428571 0.375000 0.428571
W 0.437500 0.571429 0.500000 0.571429 0.500000 0.428571 0.437500 0.428571
X 0.500000 0.571429 0.562500 0.571429 0.562500 0.428571 0.500000 0.428571
Y 0.562500 0.571429 0.625000 0.571429 0.625000 0.428571 0.562500 0.428571
Z 0.625000 0.571429 0.687500 0.571429 0.687500 0.428571 0.625000 0.428571
[ 0.687500 0.571429 0.750000 0.571429 0.750000 0.428571 0.687500 0.428571
] 0.812500 0.571429 0.875000 0.571429 0.875000 0.428571 0.812500 0.428571